        fra
1   0.07871
2   0.05999
3   0.05883
4   0.05742
5   0.07389
6   0.05697
7   0.07800
8   0.07682
9   0.05922
10  0.05395
11  0.06811
12  0.07032
13  0.06330
14  0.06924
15  0.06540
16  0.06197
17  0.06382
18  0.06515
19  0.06125
20  0.05504
21  0.05587
22  0.06343
23  0.06177
24  0.06503
25  0.06043
26  0.05888
27  0.06110
28  0.05684
29  0.05961
30  0.05501
31  0.06960
32  0.07292
33  0.06590
34  0.06899
35  0.08046
36  0.05461
37  0.06487
38  0.05914
39  0.06641
40  0.08142
41  0.07005
42  0.06782
43  0.05968
44  0.05636
45  0.06404
46  0.05866
47  0.05318
48  0.06284
49  0.06635
50  0.06582
51  0.05871
52  0.05677
53  0.06481
54  0.06520
55  0.07039
56  0.07065
57  0.07769
58  0.07633
59  0.07163
60  0.07331
61  0.06113
62  0.06877
63  0.05823
64  0.06130
65  0.06467
66  0.06471
67  0.05891
68  0.05727
69  0.05945
70  0.06216
71  0.06422
72  0.06562
73  0.05688
74  0.07371
75  0.06081
76  0.06087
77  0.09296
78  0.06207
79  0.06166
80  0.05907
81  0.06453
82  0.06082
83  0.05553
84  0.06400
85  0.06365
86  0.05955
87  0.07069
88  0.05975
89  0.08116
90  0.05234
91  0.05770
92  0.05549
93  0.06317
94  0.05425
95  0.05780
96  0.07542
97  0.06447
98  0.06672
99  0.06877
100 0.05529
101 0.06013
102 0.06229
103 0.06373
104 0.06285
105 0.07310
106 0.05024
107 0.05525
108 0.06433
109 0.06314
110 0.05581
111 0.06344
112 0.06908
113 0.05674
114 0.06450
115 0.06019
116 0.06325
117 0.05828
118 0.06403
119 0.06309
120 0.06129
121 0.05660
122 0.07669
123 0.06000
124 0.05635
125 0.06329
126 0.05898
127 0.06697
128 0.05647
129 0.06232
130 0.08104
131 0.05572
132 0.05464
133 0.05580
134 0.06491
135 0.05769
136 0.05376
137 0.06194
138 0.05510
139 0.05821
140 0.05520
141 0.06220
142 0.05892
143 0.05935
144 0.06766
145 0.06233
146 0.07192
147 0.06470
148 0.06100
149 0.06031
150 0.05586
151 0.06552
152 0.07469
153 0.06243
154 0.05894
155 0.05335
156 0.06128
157 0.06140
158 0.07359
159 0.05649
160 0.08743
161 0.07279
162 0.06476
163 0.06129
164 0.05700
165 0.06277
166 0.05976
167 0.06028
168 0.05945
169 0.07238
170 0.06331
171 0.06412
172 0.06907
173 0.06506
174 0.06048
175 0.06372
176 0.05731
177 0.06121
178 0.06083
179 0.06501
180 0.06621
181 0.05185
182 0.06183
183 0.05701
184 0.06020
185 0.05054
186 0.06218
187 0.06183
188 0.05669
189 0.08450
190 0.05897
191 0.06914
192 0.06659
193 0.05594
194 0.06154
195 0.07252
196 0.06569
197 0.06744
198 0.06161
199 0.06079
200 0.06214
201 0.07115
202 0.05899
203 0.05708
204 0.05875
205 0.06069
206 0.05913
207 0.06724
208 0.05294
209 0.06601
210 0.06275
211 0.06267
212 0.06320
213 0.07029
214 0.06915
215 0.06148
216 0.06898
217 0.06053
218 0.05703
219 0.06347
220 0.05673
221 0.06640
222 0.05848
223 0.05780
224 0.05916
225 0.05746
226 0.06612
227 0.06104
228 0.05826
229 0.06166
230 0.05449
231 0.06281
232 0.05433
233 0.05549
234 0.06020
235 0.07369
236 0.06413
237 0.05669
238 0.06837
239 0.06009
240 0.06574
241 0.06284
242 0.06639
243 0.06259
244 0.05355
245 0.06401
246 0.05976
247 0.06077
248 0.05888
249 0.06854
250 0.06697
251 0.06869
252 0.06612
253 0.09502
254 0.06894
255 0.05657
256 0.06758
257 0.07325
258 0.05915
259 0.05941
260 0.07253
261 0.07696
262 0.06343
263 0.06891
264 0.06317
265 0.06457
266 0.06677
267 0.06155
268 0.06408
269 0.05982
270 0.07285
271 0.06782
272 0.05680
273 0.06688
274 0.06201
275 0.06235
276 0.05948
277 0.05637
278 0.05708
279 0.06331
280 0.06147
281 0.06171
282 0.07152
283 0.05623
284 0.05648
285 0.05884
286 0.05667
287 0.09744
288 0.07613
289 0.07451
290 0.08243
291 0.06082
292 0.05338
293 0.07077
294 0.07356
295 0.05278
296 0.07413
297 0.05699
298 0.06149
299 0.07799
300 0.06261
301 0.05656
302 0.06419
303 0.06870
304 0.06782
305 0.06049
306 0.06777
307 0.06310
308 0.06758
309 0.06654
310 0.06566
311 0.05391
312 0.06673
313 0.07224
314 0.06022
315 0.05629
316 0.06097
317 0.05649
318 0.06390
319 0.07692
320 0.06768
321 0.05025
322 0.06213
323 0.05044
324 0.06113
325 0.05796
326 0.06065
327 0.06248
328 0.05176
329 0.05534
330 0.05671
331 0.06323
332 0.07398
333 0.06937
334 0.05340
335 0.06466
336 0.05491
337 0.07421
338 0.05986
339 0.05223
340 0.05866
341 0.06916
342 0.05313
343 0.06303
344 0.07254
345 0.05592
346 0.05177
347 0.05966
348 0.05613
349 0.06130
350 0.07596
351 0.06650
352 0.05307
353 0.05443
354 0.05674
355 0.04996
356 0.06684
357 0.06287
358 0.05664
359 0.05096
360 0.06670
361 0.06532
362 0.06071
363 0.06083
364 0.05506
365 0.05715
366 0.07603
367 0.06464
368 0.05557
369 0.06140
370 0.05478
371 0.07950
372 0.05416
373 0.05884
374 0.06606
375 0.06864
376 0.06132
377 0.06544
378 0.05407
379 0.05661
380 0.05391
381 0.05623
382 0.06578
383 0.06115
384 0.05325
385 0.06222
386 0.07237
387 0.05484
388 0.07083
389 0.06188
390 0.06739
391 0.05419
392 0.06251
393 0.06879
394 0.05533
395 0.07016
396 0.05766
397 0.06905
398 0.05863
399 0.05718
400 0.05953
401 0.05907
402 0.07187
403 0.06757
404 0.06963
405 0.05667
406 0.05653
407 0.08980
408 0.05997
409 0.06902
410 0.06346
411 0.05710
412 0.06890
413 0.07818
414 0.06322
415 0.06066
416 0.06529
417 0.07070
418 0.07782
419 0.06194
420 0.06402
421 0.05890
422 0.05723
423 0.05865
424 0.06072
425 0.06235
426 0.07839
427 0.06493
428 0.05580
429 0.08261
430 0.06105
431 0.06228
432 0.05268
433 0.05743
434 0.06761
435 0.05266
436 0.05650
437 0.06669
438 0.06724
439 0.06133
440 0.06217
441 0.06048
442 0.06095
443 0.05474
444 0.06287
445 0.05667
446 0.05526
447 0.06057
448 0.06315
449 0.06303
450 0.05448
451 0.05907
452 0.05628
453 0.05835
454 0.05754
455 0.05429
456 0.06440
457 0.06409
458 0.06168
459 0.05934
460 0.05859
461 0.06862
462 0.06270
463 0.06312
464 0.05875
465 0.05853
466 0.06113
467 0.05855
468 0.05581
469 0.05955
470 0.05852
471 0.05715
472 0.05912
473 0.06556
474 0.06249
475 0.06600
476 0.05878
477 0.06833
478 0.05518
479 0.05255
480 0.06100
481 0.05673
482 0.05561
483 0.05984
484 0.06070
485 0.06540
486 0.06081
487 0.07125
488 0.07005
489 0.05912
490 0.06581
491 0.06184
492 0.05883
493 0.06959
494 0.05696
495 0.05593
496 0.05916
497 0.05544
498 0.06572
499 0.05763
500 0.06246
501 0.06588
502 0.05474
503 0.07098
504 0.05764
505 0.05750
506 0.06019
507 0.05541
508 0.06200
509 0.06615
510 0.06114
511 0.05597
512 0.06340
513 0.05913
514 0.06290
515 0.06144
516 0.07406
517 0.06181
518 0.06439
519 0.05977
520 0.05544
521 0.07102
522 0.05898
523 0.05586
524 0.05768
525 0.06850
526 0.05886
527 0.06121
528 0.06016
529 0.05584
530 0.05952
531 0.05859
532 0.06432
533 0.06412
534 0.07255
535 0.05698
536 0.05960
537 0.05913
538 0.05536
539 0.05594
540 0.06088
541 0.07325
542 0.05243
543 0.06013
544 0.05748
545 0.06046
546 0.09575
547 0.07976
548 0.05348
549 0.05640
550 0.06211
551 0.06623
552 0.06843
553 0.07126
554 0.05808
555 0.06608
556 0.06461
557 0.07405
558 0.07751
559 0.06341
560 0.05781
561 0.05801
562 0.06714
563 0.06328
564 0.06552
565 0.06576
566 0.06127
567 0.06059
568 0.06570
569 0.05502